479,32
479,30
0,363
0,361
0,360
0,357
0,352
0,316
0,312
0,311
0,309
61,7
61,1
0,243
61,3
0,445
0,376
1,1
61,0
1,5
1,3
1,0
2,95
2,1
2,13
2,3
2,0
0,358
0,310
0,305
423,1
423,3
423,0
422,1
422,3
422,0
421,1
421,3
421,0
420,1
420,3
420,0
419,1
419,3
419,0
418,1
418,3
418,0
417,1
417,3
417,0
416,1
416,3
416,0
415,1
415,3
415,0
414,1
414,3
414,0
412,1
412,3
412,0
413,1
413,3
0,497
413,0
408,1
408,3
408,0
407,1
407,3
407,0
406,1
406,3
406,0
405,1
405,3
405,0
404,1
404,3
404,0
403,1
403,3
403,0
402,1
402,3
402,0
401,1
401,3
401,0
400,1
400,3
400,0
399,1
399,3
399,0
398,1
398,3
0,495
0,389
398,0
0,359
0,9
0,412
0,399
0,397
0,476
0,455
0,450
0,446
0,432
0,459
0,453
0,452
0,470
0,469
0,461
0,308
0,304
0,303
0,302
0,307
0,444
0,12
0,373
0,10
0,487
0,8
0,0
0,466
0,300
0,319
0,299
0,372
0,298
0,371
0,297
0,442
0,296
0,406
0,295
0,398
0,294
0,375
0,293
0,501
0,292
0,413
0,291
0,409
0,290
0,383
0,289
0,402
0,288
0,477
0,287
0,318
0,286
0,317
0,285
0,463
0,284
0,333
0,283
0,315
0,282
0,484
0,281
0,280
0,314
0,279
0,334
0,278
0,364
0,365
0,369
1,2
3,0
3,1
3,3
3,5
3,6
4,1
4,2
1,4
24,0
0,374
24,1
2,69
24,4
24,9
76,0
76,3
76,1
28,0
28,3
28,4
61,5
61,6
78,0
78,3
2,84
78,5
78,7
78,11
41,0
41,1
1,6
2,8
42,3
42,1
41,5
42,4
156,0
0,451
156,3
2,64
155,0
155,1
2,65
157,3
156,4
156,6
139,0
0,449
139,1
139,5
29,0
29,1
40,0
40,1
2,6
40,5
34,0
34,3
2,74
2,7
59,0
59,1
2,22
76,5
234,0
0,457
234,3
235,0
235,1
2,76
234,4
479,0
479,3
2,23
479,40
479,5
479,7
479,15
62,0
62,3
1,7
2,9
63,0
63,1
2,66
63,4
64,0
64,1
64,5
131,0
131,1
2,106
133,3
133,1
133,6
87,0
87,3
88,0
88,3
89,0
89,1
89,4
62,11
479,35
60,3
60,1
0,322
157,4
155,4
35,3
35,1
148,0
148,1
2,32
149,3
149,1
148,8
62,5
0,454
177,1
2,34
180,3
180,1
83,0
83,1
2,15
83,10
43,0
43,1
2,105
43,5
43,14
43,11
75,0
75,3
2,120
86,0
86,3
85,0
85,3
2,16
85,6
151,0
151,1
204,0
204,3
204,1
209,0
209,1
200,0
200,1
2,85
205,3
204,6
55,0
55,1
396,0
396,1
2,11
396,4
50,3
50,1
2,68
51,0
51,1
52,3
52,1
54,3
54,1
52,5
54,4
57,0
57,1
2,93
58,3
58,1
58,4
84,0
84,3
85,4
84,5
84,22
51,4
51,5
56,3
56,1
56,5
56,6
160,3
2,35
160,4
160,5
160,6
233,3
2,33
233,4
34,4
160,13
62,2
62,6
62,8
62,10
62,12
62,14
62,15
62,17
168,0
168,3
168,1
62,18
62,16
62,13
62,9
62,7
43,9
233,6
233,1
233,0
160,9
160,1
160,0
56,4
56,0
84,23
84,39
84,1
58,5
57,6
58,0
57,3
54,5
50,5
54,0
52,0
51,3
2,10
50,0
55,5
396,3
55,3
205,1
205,0
200,3
209,3
204,4
0,456
151,3
86,4
85,1
86,1
2,17
75,1
43,6
43,10
43,4
43,3
83,6
83,3
180,6
180,0
177,3
177,0
148,5
149,0
148,3
35,6
35,0
0,411
60,4
60,0
63,5
89,3
88,1
87,1
131,5
133,4
133,0
131,3
64,4
64,3
2,12
63,3
62,4
62,1
61,2
479,33
479,6
479,4
479,1
0,410
2,75
235,3
234,1
0,458
2,21
59,3
34,5
34,1
76,6
40,4
40,3
29,3
139,4
139,3
157,6
157,1
157,0
155,3
156,1
0,448
42,5
41,4
42,0
2,31
41,3
78,10
78,6
78,1
61,8
61,4
28,1
76,4
0,443
24,5
2,30
24,3
2,4
4,3
4,0
3,4
3,2
2,2
0,368
0,481
0,277
0,435
0,276
0,321
0,275
0,370
0,274
0,388
0,273
0,367
0,272
0,508
0,271
0,507
0,270
0,493
0,269
0,387
0,268
0,356
0,267
0,379
0,266
0,343
0,265
0,313
0,264
0,346
0,263
0,262
0,344
0,261
0,339
0,260
0,259
0,395
0,258
0,490
0,257
0,353
0,256
0,385
0,255
0,332
0,254
0,391
0,253
0,338
0,252
0,485
0,251
0,250
0,378
0,249
0,425
0,248
0,366
0,247
0,246
0,341
0,245
0,479
0,244
0,488
0,242
0,478
0,241
0,504
0,240
0,324
0,239
0,362
0,238
0,237
0,342
0,236
0,306
0,235
0,349
0,234
0,491
0,233
0,232
0,483
0,231
0,340
0,230
0,462
0,229
0,500
0,228
0,464
0,227
0,226
0,331
0,225
0,348
0,224
0,351
0,223
0,502
0,222
0,221
0,320
0,220
0,498
0,219
0,327
0,218
0,496
0,217
0,337
0,216
0,482
0,215
0,415
0,214
0,460
0,213
0,474
0,212
0,405
0,211
0,347
0,210
0,336
0,209
0,355
0,208
0,335
0,207
0,401
0,206
0,390
0,205
0,350
0,204
0,424
0,203
0,494
0,202
0,330
0,201
0,329
0,200
0,509
0,199
0,441
0,198
0,404
0,197
0,422
0,196
0,436
0,195
0,323
0,194
0,414
0,193
0,433
0,192
0,489
0,63
0,429
0,62
0,301
0,61
0,345
0,60
0,467
0,59
0,419
0,58
0,440
0,57
0,420
0,56
0,55
0,354
0,54
0,465
0,53
0,328
0,52
0,486
0,51
0,400
0,50
0,439
0,49
0,325
0,48
0,503
0,47
0,46
0,326
0,45
0,377
0,6
0,5
0,1
0,431
0,11
0,4
0,2
0,3
0,7
